sum.taxonomy	K0526_B2	K0526_C3	K0526_G5	K0527_A1	K0527_B2	K0527_C3	K0527_E4	K0527_K6	K0527_L7	K0527_T9	K0528_A1	K0528_E4	K0528_G5	K0528_K6	K0528_L7	K0528_T9	K0529_A1	K0529_B2	K0529_C3	K0529_G5	K0529_K6	K0529_L7	K0529_M8	K0529_T9	K0530_A1	K0530_B2	K0530_C3	K0530_E4	K0530_K6	K0530_L7	K0530_M8	K0539_L7	K0585_T9	K0593_A1	K0593_C3	K0593_E4	K0593_G5	K0593_L7	K0593_T9	K0594_A1	K0594_E4	K0594_L7	K0594_T9	K0595_A1	K0595_B2	K0595_G5	K0595_L7	K0595_M8	K0595_T9	K0596_B2	K0596_C3	K0596_E4	K0596_G5	K0596_L7	K0596_T9	K0597_E4	K0597_K6	K0597_L7	K0597_M8	K0597_T9	K0599_A1	K0599_E4	K0599_G5	K0599_K6	K0599_L7	K0599_M8	K0599_T9	K0672_A1	K0672_B2	K0672_C3	K0672_G5	K0672_T9	K0673_A1	K0673_G5	K0674_E4	K0674_G5	K0674_M8	K0676_B2	K0676_M8	K0676_T9	K0677_A1	K0677_B2	K0677_E4	K0677_L7	K0678_B2	K0678_E4	K0678_K6	K0678_L7	K0679_B2	K0679_M8	K0701_C3	K0593_K6	K0593_M8	K0595_K6	K0596_K6	K0597_C3	POUR_1	POUR_12	POUR_13	POUR_14	POUR_145	POUR_146	POUR_16	POUR_17	POUR_18	POUR_19	POUR_2	POUR_20	POUR_21	POUR_22	POUR_23	POUR_24	POUR_25	POUR_26	POUR_27	POUR_28	POUR_29	POUR_3	POUR_30	POUR_31	POUR_32	POUR_33	POUR_34	POUR_35	POUR_36	POUR_37	POUR_38	POUR_39	POUR_4	POUR_40	POUR_41	POUR_42	POUR_43	POUR_44	POUR_45	POUR_46	POUR_48	POUR_49	POUR_5	POUR_6	POUR_7	POUR_8	POUR_9
Chordata;Actinopteri;Atheriniformes;Atherinopsidae;Odontesthes;unknown	0	0	0	0	0	0	0	0	0	0	0	0	0	0	0	0	0	0	0	0	0	0	0	0	0	0	0	0	0	0	0	0	0	0	0	0	0	0	0	0	0	0	0	0	0	0	0	0	0	0	0	0	0	0	0	0	0	0	0	0	0	0	0	0	0	0	0	84	0	0	0	0	0	0	0	0	0	0	0	0	0	0	0	0	0	0	0	0	0	0	39	0	0	0	0	0	0	0	0	0	0	0	0	0	0	0	0	0	0	0	1	0	0	0	0	0	0	0	3	7	0	3	0	0	0	0	0	0	0	0	0	0	0	0	0	0	0	0	4	48	0	0	0
Chordata;Actinopteri;Aulopiformes;Notosudidae;Scopelosaurus;Scopelosaurus hoedti	0	0	0	0	0	0	0	0	0	0	0	0	0	0	0	0	0	0	0	0	0	0	0	0	0	0	0	0	0	0	0	0	0	0	0	0	58	0	0	0	0	0	0	0	0	0	0	0	0	0	0	0	0	0	0	0	0	0	0	0	0	0	0	0	0	0	0	0	0	0	0	0	0	0	0	0	0	0	0	0	0	0	0	0	0	0	0	0	0	0	0	0	0	0	0	0	0	0	0	0	0	0	0	0	0	0	0	0	0	0	0	0	0	0	0	0	0	0	0	0	0	0	0	0	0	0	0	0	0	0	0	0	0	0	0	0	0	0	0	0	0	0	0
Chordata;Actinopteri;Centrarchiformes;Centrarchidae;Lepomis;Lepomis cyanellus	0	0	0	0	0	0	0	0	0	0	145	0	6	0	0	0	0	0	0	0	0	0	0	1298	0	0	0	0	0	0	0	0	0	0	0	0	0	0	0	869	0	0	0	0	0	0	0	0	0	0	0	0	0	0	0	0	0	0	0	0	0	0	0	0	0	0	0	0	0	0	20	0	0	0	21	0	0	0	0	1484	0	0	0	0	0	0	0	0	0	185	0	0	0	0	0	0	291	2003	0	0	0	0	93	0	0	0	10	116	36	0	0	0	0	0	288	0	0	0	0	0	9	0	0	0	38	132	25	0	0	0	0	0	0	29	299	0	0	0	0	0	0	183	0
Chordata;Actinopteri;Centrarchiformes;Centrarchidae;Lepomis;Lepomis macrochirus	0	0	0	0	0	0	0	0	0	0	0	0	0	0	0	0	0	0	0	0	0	0	0	0	0	0	0	0	0	0	0	0	0	0	0	0	0	0	0	1191	0	0	0	0	0	0	0	0	0	0	0	0	0	0	0	0	0	0	0	0	0	0	0	0	0	0	0	0	0	0	0	0	0	0	0	0	0	0	0	0	0	0	0	0	0	0	0	0	0	0	0	0	0	0	0	0	0	0	0	0	0	0	0	0	0	0	0	0	0	0	0	0	0	0	0	0	0	0	0	0	0	0	0	0	0	0	0	0	0	0	0	0	0	69	676	0	0	0	0	0	0	0	0
Chordata;Actinopteri;Centrarchiformes;Kyphosidae;unknown;unknown	0	0	0	0	0	0	0	0	0	0	0	0	0	0	0	0	0	0	0	0	0	0	0	0	0	0	0	0	0	0	0	0	0	0	0	0	0	0	0	0	0	0	0	0	0	0	0	0	0	0	0	0	0	0	0	0	0	0	0	0	0	0	0	0	0	0	0	160	0	0	0	0	0	0	0	0	0	0	0	0	0	0	0	0	0	0	0	0	0	0	0	0	0	0	0	0	0	0	0	0	0	0	0	0	0	0	0	0	0	0	0	0	0	1	0	0	0	0	15	0	0	8	1	0	0	0	0	0	0	0	0	0	0	0	0	0	0	0	13	0	0	0	4
Chordata;Actinopteri;Cichliformes;Cichlidae;unknown;unknown	0	0	0	0	0	0	0	0	0	0	760	0	0	0	0	0	0	0	0	0	0	1	0	5717	0	0	0	0	0	0	0	0	0	0	0	0	3401	0	0	107	0	0	4041	0	0	75	0	0	0	0	0	0	0	0	0	0	0	0	0	4009	0	0	0	437	0	0	0	0	0	0	0	0	0	0	0	0	0	0	0	0	0	0	0	0	0	0	0	0	0	0	0	0	0	0	0	0	0	9967	0	0	0	0	15	633	0	0	0	0	0	0	0	0	0	0	0	0	0	0	0	0	0	216	0	0	0	357	96	9	0	0	155	0	0	5200	16571	0	0	0	0	0	0	0	0
Chordata;Actinopteri;Cypriniformes;Catostomidae;unknown;unknown	0	0	0	0	0	0	0	0	0	0	0	0	0	0	0	0	0	0	0	0	0	0	0	0	0	0	0	0	0	0	0	0	0	0	0	0	0	0	0	0	0	0	0	0	0	0	0	0	0	0	0	0	0	0	0	0	0	0	0	0	56	0	0	0	0	0	0	0	0	0	0	0	0	0	0	0	0	0	0	0	0	0	0	0	0	0	0	0	0	0	0	0	0	0	0	0	0	0	0	0	0	0	0	0	0	0	0	0	0	0	0	0	0	0	0	0	0	0	0	0	0	0	0	0	0	0	0	0	0	0	0	0	0	0	0	0	0	0	0	0	0	0	0
Chordata;Actinopteri;Cypriniformes;Cobitidae;Misgurnus;Misgurnus anguillicaudatus	0	0	18	0	0	0	0	0	0	0	0	0	0	0	0	0	0	0	0	6	0	0	20	0	0	0	0	0	0	0	0	0	0	0	0	0	0	0	0	0	0	42	0	0	0	0	0	0	0	0	0	0	0	0	0	0	0	0	0	0	0	0	0	0	0	0	0	0	130	0	0	0	0	0	0	0	0	0	0	14	0	0	0	0	7	0	0	0	0	102	0	0	0	0	0	0	57	0	0	0	0	0	0	0	0	0	0	189	8	0	0	0	0	0	78	0	0	0	0	0	0	0	0	0	6	32	0	0	0	0	0	0	0	0	0	53	0	0	0	0	0	54	0
Chordata;Actinopteri;Cypriniformes;Cyprinidae;Gila;unknown	0	0	0	0	0	0	0	0	0	0	0	0	0	0	0	0	0	0	0	0	0	0	0	0	0	0	0	0	0	0	0	0	0	0	0	0	0	0	0	0	0	0	0	0	0	0	0	87	0	0	0	0	0	0	0	0	0	0	0	0	0	0	0	0	0	0	0	0	0	0	0	0	0	0	0	0	0	0	0	0	0	0	0	0	0	0	0	0	0	0	0	0	0	0	0	0	0	0	0	0	0	0	0	0	0	0	0	0	0	0	0	0	0	0	0	0	0	0	0	0	0	0	0	0	0	0	0	0	0	0	0	0	0	0	0	0	0	0	0	0	0	0	0
Chordata;Actinopteri;Cypriniformes;Cyprinidae;Pimephales;Pimephales promelas	0	0	0	0	0	0	0	0	0	0	0	0	50	0	0	0	0	0	0	0	0	0	11	0	0	0	0	0	0	0	0	0	0	0	0	0	0	0	0	0	0	0	0	0	0	0	0	0	0	0	0	0	0	0	0	0	0	0	0	0	0	0	0	0	0	0	0	0	0	0	25	0	0	0	0	0	0	68	0	1672	0	0	0	0	0	0	0	0	0	144	0	0	0	0	0	0	463	0	0	655	0	0	247	16	0	0	7	123	65	0	0	0	0	0	393	0	0	0	0	0	10	0	39	57	157	393	0	0	0	0	0	0	0	9	0	0	0	0	0	0	0	166	0
Chordata;Actinopteri;Cypriniformes;Cyprinidae;unknown;unknown	0	12	0	0	0	102	0	0	0	0	51	0	8	130	80	60	8	41	0	1	0	0	87	1712	0	0	194	0	855	711	0	0	0	220	0	166	0	0	0	0	0	0	0	0	0	0	0	0	0	87	0	0	0	0	0	0	0	0	0	0	0	14	0	0	0	13	0	0	121	161	41	32	0	0	0	5009	0	1	0	5784	0	0	0	0	34	6	1	0	0	454	0	0	0	61	0	0	2083	2961	0	3724	10	0	1679	137	0	0	56	1676	112	0	0	0	0	2	1331	0	0	0	0	12	47	0	1928	835	5570	2609	30	3	0	0	1	0	81	49	1351	367	0	0	131	0	0	1069	2
Chordata;Actinopteri;Cyprinodontiformes;Poeciliidae;Gambusia;unknown	213	0	0	0	0	1	0	0	0	0	0	0	45	0	540	291	8	0	0	0	0	0	0	0	0	0	356	0	319	171	6221	0	0	304	0	0	3091	0	0	3852	0	0	3985	0	0	0	0	0	0	13	1	0	0	0	0	51	0	0	0	2244	109	153	42	1185	0	0	0	0	0	0	0	0	0	0	0	0	0	0	0	0	0	0	0	0	0	0	0	0	0	0	0	0	0	2	0	0	0	0	8	3622	0	0	2725	1855	0	0	0	20	4	0	0	260	0	0	0	0	0	0	0	0	0	0	0	18	68	21768	0	0	0	0	12	7	487	100	704	0	0	0	0	0	0	0	0
Chordata;Actinopteri;Mugiliformes;Mugilidae;Mugil;unknown	0	0	0	0	0	0	0	0	0	0	0	0	0	0	0	0	0	0	0	0	0	0	0	0	0	0	0	0	0	0	0	0	0	0	0	0	0	0	0	0	0	0	0	0	0	0	0	0	0	0	0	0	0	0	0	0	0	0	0	0	0	0	0	0	0	0	0	899	0	0	0	0	0	0	0	0	92	0	16	0	0	149	1412	60	0	0	0	0	0	0	0	0	0	0	0	0	0	0	0	0	0	0	0	0	0	0	0	0	0	0	0	0	0	0	0	0	0	0	349	106	0	1830	0	0	0	0	0	0	0	0	0	0	0	0	0	0	0	0	1060	0	0	0	79
Chordata;Actinopteri;Salmoniformes;Salmonidae;Oncorhynchus;unknown	25	0	97	0	0	0	0	0	0	0	0	0	0	0	0	0	0	0	0	0	0	47	431	0	0	0	0	0	0	0	0	0	0	50	0	0	3575	0	148	0	0	0	0	0	0	0	0	7	0	40	0	0	0	12142	146	0	0	0	0	166	0	210	74	48	0	32	191	0	9	22	0	0	0	0	0	0	0	0	0	0	0	0	0	0	12	0	545	0	0	70	0	0	0	0	0	0	0	0	0	0	0	0	0	0	0	0	0	0	0	0	0	0	0	0	0	0	0	0	0	0	0	0	0	0	0	0	0	0	0	0	0	0	0	0	0	0	0	0	0	0	0	0	0
Chordata;Actinopteri;Salmoniformes;Salmonidae;Salmo;Salmo salar	0	0	0	0	0	0	0	0	0	0	0	0	0	0	0	0	0	0	0	0	0	0	0	0	0	0	0	0	0	0	0	0	0	0	0	0	0	0	0	0	0	0	0	0	0	95	0	0	0	0	0	0	0	0	0	0	0	0	0	0	0	0	0	0	0	0	0	0	0	0	0	0	0	0	0	0	0	0	0	0	0	0	0	0	0	0	0	0	0	0	0	0	0	0	0	0	0	0	0	0	0	0	0	0	0	0	0	0	0	0	0	0	0	0	0	0	0	0	0	0	0	0	0	0	0	0	0	0	0	0	0	0	0	0	0	0	0	0	0	0	0	0	0
Chordata;Actinopteri;Scombriformes;Scombridae;Scomber;unknown	0	0	0	0	0	0	0	0	0	0	0	0	0	0	0	0	0	0	0	0	0	0	0	0	0	0	0	0	0	0	0	0	0	0	0	0	0	0	0	0	0	0	0	0	0	0	0	0	0	0	0	0	0	0	0	0	0	0	0	0	0	0	0	0	0	0	0	0	0	0	0	0	0	0	0	0	0	0	0	0	0	0	372	0	0	0	0	0	0	0	0	0	0	0	0	0	0	0	0	0	0	0	0	0	0	0	0	0	0	0	0	0	0	0	0	0	0	0	0	0	0	0	0	0	0	0	0	0	0	0	0	0	0	0	0	0	0	0	0	0	0	0	0
Chordata;Actinopteri;Siluriformes;unknown;unknown;unknown	0	0	0	0	0	0	0	0	0	0	277	0	0	0	0	0	0	0	0	0	0	53	3	941	930	0	0	0	0	0	0	0	0	0	0	0	0	0	0	0	0	0	0	0	0	0	0	0	0	0	0	0	0	0	0	0	0	0	0	39	0	0	0	0	0	0	0	0	0	0	0	0	0	0	0	0	0	0	0	0	0	0	0	0	0	0	0	0	957	0	0	0	0	0	0	0	102	5044	0	0	0	0	0	0	0	0	0	23	6	0	0	0	0	0	7	0	0	0	0	0	0	0	0	0	104	0	62	16	0	0	1	0	0	62	497	0	0	0	0	0	0	3	0
Chordata;Actinopteri;unknown;Embiotocidae;unknown;unknown	383	0	0	0	0	0	0	0	0	2244	0	0	0	0	5	0	0	0	0	0	0	96	0	0	0	585	0	0	462	0	1626	25	0	113	1525	0	0	0	0	7	0	0	0	0	10	0	0	0	121	28	0	0	0	0	0	19	0	0	393	349	0	0	0	0	1135	4	0	0	0	3	28	0	0	0	81	0	29	0	0	0	0	0	0	0	0	0	0	0	216	94	0	0	59	0	0	0	0	0	345	0	761	150	0	0	102	158	35	86	404	0	39	402	185	366	0	0	0	99	998	0	8	0	2974	0	0	0	67	163	58	187	127	0	0	0	0	0	0	0	0	213	646	0	207
Chordata;Actinopteri;unknown;unknown;unknown;unknown	3	0	0	0	0	0	0	0	0	6	3	0	0	0	0	0	0	0	0	0	0	1	0	63	0	0	0	0	2	0	6	0	0	0	6	0	104	0	0	0	0	0	104	0	0	0	0	0	0	0	0	0	0	6	0	0	0	0	0	133	0	0	0	1	2	0	0	0	0	0	0	0	0	0	0	0	0	0	24	0	0	66	672	31	0	0	0	5	0	0	30660	0	0	0	0	0	0	10	6	0	6	7	0	3	0	2	2	0	3	0	92	5	1	6	0	0	0	1	614	424	0	286	23	0	0	6	0	1	1	17	21	0	5	11	42	0	0	0	950	10282	1	0	15
Chordata;Amphibia;Anura;Bufonidae;unknown;unknown	0	0	0	0	0	0	0	0	0	0	0	0	0	0	0	0	0	0	0	0	0	0	0	0	0	111	0	0	0	0	0	0	0	0	0	0	0	0	0	0	0	0	0	0	0	0	0	0	0	0	0	0	0	0	0	0	0	0	0	0	0	0	0	0	0	0	0	0	0	0	0	0	0	0	0	0	0	0	0	0	0	0	0	0	0	0	0	0	0	0	0	0	0	0	0	0	0	0	0	0	0	0	0	0	0	0	0	0	0	0	0	0	0	0	0	0	0	0	0	0	0	0	0	0	0	0	0	0	0	0	0	0	0	0	0	0	39	0	0	0	0	0	0
Chordata;Amphibia;Anura;Hylidae;unknown;unknown	0	0	0	0	0	0	0	0	0	0	0	0	0	0	0	0	0	0	0	0	0	235	0	0	0	0	0	0	0	0	0	0	0	0	0	0	0	0	0	0	0	0	0	0	0	0	0	0	0	0	0	0	0	0	0	0	0	0	0	0	0	0	0	0	0	0	0	0	0	0	0	0	0	0	0	0	0	0	0	0	0	0	0	0	0	0	0	0	66	0	0	0	0	0	0	0	0	0	0	0	0	0	0	0	0	0	0	0	0	0	0	0	0	0	0	0	0	0	0	0	0	0	0	0	0	0	0	0	0	0	0	0	0	0	0	0	0	0	0	0	0	0	0
Chordata;Amphibia;Anura;Pipidae;Xenopus;unknown	0	0	0	0	0	0	0	0	0	0	0	0	9	0	0	187	0	0	0	0	0	0	0	0	0	0	4014	0	0	576	0	0	0	0	0	0	0	0	0	0	0	0	0	0	0	0	0	0	0	0	0	0	0	0	0	0	0	0	0	0	0	0	0	0	0	0	0	0	0	0	0	0	0	0	0	0	0	0	0	0	0	0	0	0	0	0	0	0	0	0	0	0	0	0	0	0	0	0	0	0	0	0	117	136	0	0	0	0	0	0	0	2	0	0	0	0	0	0	0	0	0	0	0	0	0	4219	0	0	0	0	0	0	0	0	0	0	0	0	0	0	0	0	0
Chordata;Amphibia;Anura;Ranidae;Rana;unknown	0	0	0	0	0	0	0	0	0	0	0	0	0	0	0	0	0	0	0	0	0	0	0	0	0	593	0	0	0	0	0	0	0	66	0	0	0	0	0	202	0	0	292	0	8	0	0	0	0	0	0	0	0	0	0	0	0	0	0	4154	0	0	50	0	0	0	0	0	0	0	0	0	0	0	0	0	0	0	0	0	0	0	0	0	0	0	0	0	0	0	0	0	0	0	0	0	0	0	0	0	0	0	0	0	0	0	0	0	0	0	0	0	0	0	0	0	0	0	0	0	0	0	0	0	0	0	0	0	0	0	0	0	0	0	0	0	0	0	0	0	0	0	0
Chordata;Amphibia;Anura;Ranidae;unknown;unknown	0	0	0	0	0	0	0	0	0	0	0	0	0	0	0	0	0	0	0	0	0	0	0	0	0	8	0	0	0	0	0	0	0	4	0	0	0	0	0	10	0	0	1	0	0	0	0	0	0	0	0	0	0	0	0	0	0	0	0	80	0	0	2	0	0	0	0	0	0	0	0	0	0	0	0	0	0	0	0	0	0	0	0	0	0	0	0	0	0	0	0	0	0	0	0	0	0	0	0	0	0	0	0	0	0	0	0	0	0	0	0	0	0	0	0	0	0	0	0	0	0	0	0	0	0	0	0	0	0	0	0	0	0	0	0	0	0	0	0	0	0	0	0
Chordata;Amphibia;Anura;unknown;unknown;unknown	0	0	0	0	0	0	0	0	0	0	0	0	0	0	0	0	0	0	0	0	0	0	0	0	0	0	0	0	0	0	0	0	0	0	202	0	0	0	0	0	0	0	0	0	0	0	0	0	37	0	0	0	0	0	0	0	0	0	0	0	0	0	0	0	167	0	0	0	0	0	0	0	0	0	0	0	0	0	0	0	0	0	0	0	0	0	0	0	0	0	0	0	0	0	0	0	0	0	0	0	0	0	0	0	0	0	0	0	0	0	0	0	0	0	0	0	0	0	0	0	0	0	0	0	0	36	0	0	23	0	0	0	0	0	1	0	1	0	0	0	0	0	0
Chordata;Aves;Accipitriformes;Accipitridae;unknown;unknown	0	964	0	0	0	0	0	0	5384	0	0	0	1	0	0	0	0	0	0	629	0	0	0	0	0	0	0	0	0	0	1043	0	0	0	207	40	0	0	0	0	0	0	0	0	0	0	0	0	0	0	0	0	0	0	0	0	0	0	0	0	0	0	0	0	0	581	0	0	0	0	212	0	0	0	881	0	0	0	0	0	0	0	0	0	397	548	0	0	0	0	0	0	0	0	0	0	0	0	0	0	0	0	0	0	0	0	0	0	0	0	0	0	0	0	0	0	0	0	0	185	0	0	0	0	0	0	0	0	0	0	0	0	0	0	0	0	0	0	0	0	0	0	0
Chordata;Aves;Accipitriformes;Cathartidae;Cathartes;Cathartes aura	0	0	0	0	0	0	0	0	0	0	0	0	0	0	0	0	0	0	0	0	0	0	0	0	0	0	0	0	0	0	0	0	0	0	0	0	0	0	0	0	0	0	0	0	0	0	0	0	0	89	0	0	0	0	0	0	0	0	0	0	0	0	0	0	0	0	0	0	0	0	0	0	0	0	0	0	0	0	0	0	0	0	0	0	0	0	0	0	0	0	0	0	0	0	0	0	0	0	0	0	0	0	0	0	0	0	0	0	0	0	0	0	0	0	0	0	0	0	0	0	0	0	0	0	0	0	0	0	0	0	0	0	0	0	0	0	0	0	0	0	0	0	0
Chordata;Aves;Anseriformes;Anatidae;Anas;unknown	0	0	0	0	0	0	0	0	0	0	0	0	7	0	0	0	0	0	0	0	0	0	0	2	0	0	107	0	0	0	0	0	0	1	0	0	1	0	0	0	0	0	0	0	0	0	0	0	0	0	0	0	0	0	0	0	0	0	0	0	0	1	0	0	0	0	0	0	0	1	0	0	0	0	0	0	0	0	0	0	0	0	0	0	0	0	0	0	0	0	0	0	0	0	0	0	0	0	0	0	0	0	0	0	0	0	0	0	0	0	0	0	0	0	0	0	0	0	0	0	0	0	0	0	0	0	0	0	0	0	0	0	0	0	0	0	0	0	0	0	0	0	0
Chordata;Aves;Anseriformes;Anatidae;unknown;unknown	0	0	166	6	0	0	0	0	0	0	23	0	1225	0	0	25	0	53	0	0	0	1	9	1735	0	0	1455	0	33	99	142	0	0	669	0	66	35	0	0	0	0	0	3137	0	0	78	0	33	0	508	0	0	0	0	0	962	0	0	0	488	84	193	198	565	0	0	0	110	38	35	0	52	0	0	0	1261	0	0	0	2011	10	0	0	0	0	0	113	0	0	0	0	0	90	0	0	0	413	482	734	0	1853	359	134	161	260	525	143	69	1125	0	1485	1316	0	857	0	0	0	351	1867	50	0	517	0	487	274	1057	135	316	0	484	240	48	204	752	172	197	24	0	0	433	366	332	748
Chordata;Aves;Apodiformes;Trochilidae;unknown;unknown	0	0	0	0	0	0	0	0	0	0	0	171	0	0	0	0	0	0	0	0	0	0	0	0	0	0	0	0	0	0	0	0	0	0	0	0	0	0	0	0	0	0	0	0	0	0	0	0	0	0	0	0	0	0	0	0	0	0	0	0	0	0	0	0	0	0	0	0	0	0	0	0	0	0	0	0	0	0	0	0	0	0	0	0	0	0	0	0	0	0	0	0	0	0	0	0	0	0	0	0	0	0	0	0	0	0	0	0	0	0	0	0	0	0	0	0	0	0	0	0	0	0	0	0	0	0	0	0	0	0	0	0	0	0	0	0	0	0	0	0	0	0	0
Chordata;Aves;Charadriiformes;Laridae;unknown;unknown	0	0	0	10	95	324	0	0	0	0	0	0	0	0	0	0	0	0	0	0	0	0	0	0	0	0	0	0	0	0	0	233	0	0	0	0	0	0	0	0	0	0	0	0	0	0	0	0	0	0	0	0	0	0	0	0	0	0	0	0	0	0	0	0	0	0	0	0	0	0	0	0	0	0	0	0	0	0	0	0	0	0	0	94	0	0	0	0	0	0	0	0	0	0	0	0	0	0	0	0	0	0	0	0	0	0	0	0	0	0	0	0	0	0	0	0	0	0	0	0	0	0	1643	1053	4919	0	0	0	0	0	0	0	0	0	0	8555	0	0	0	0	0	0	0
Chordata;Aves;Charadriiformes;Scolopacidae;unknown;unknown	0	0	0	0	0	0	0	0	0	242	0	0	0	0	0	0	0	0	0	0	0	0	0	0	0	0	0	0	0	0	0	0	0	0	0	0	0	0	0	0	0	0	0	0	0	0	0	0	0	0	0	0	0	0	0	0	0	0	0	0	0	0	0	0	0	0	0	0	0	0	0	0	0	0	0	0	0	0	0	0	0	0	0	0	0	0	0	0	0	0	0	0	0	0	0	0	0	0	0	0	0	0	0	0	0	0	0	0	0	0	0	0	0	0	0	0	0	0	0	0	0	0	0	0	0	0	0	0	0	0	0	0	0	0	0	0	0	0	0	0	0	0	0
Chordata;Aves;Columbiformes;Columbidae;Columba;unknown	0	0	0	0	0	0	0	0	0	0	0	0	0	116	162	19	0	20	0	0	0	0	0	0	0	0	10	0	8	0	0	0	0	79	0	0	0	10	79	74	0	175	0	0	0	0	0	0	0	10	0	370	0	262	385	20	2347	2101	0	0	3089	84	0	0	38	0	0	115	0	0	0	0	0	0	0	0	0	0	8	0	0	5	1327	59	0	0	0	0	0	0	0	0	0	0	0	0	0	0	0	0	0	0	0	0	0	0	0	0	0	0	0	0	0	0	0	0	0	0	0	0	0	0	0	0	0	0	0	0	0	0	0	0	0	0	0	0	0	0	0	0	0	0	0
Chordata;Aves;Columbiformes;Columbidae;Patagioenas;unknown	0	0	0	0	0	0	0	0	0	0	0	0	0	0	0	0	0	0	0	0	0	0	0	0	0	0	0	0	0	0	0	0	0	0	0	0	0	0	0	0	0	0	0	0	0	0	0	0	0	0	0	0	0	0	0	0	0	0	0	0	0	0	11	0	0	0	0	0	0	0	44	0	0	0	0	0	14	0	0	0	0	0	0	0	0	0	0	0	0	0	0	0	0	0	0	0	0	0	0	0	0	0	0	0	0	0	0	0	0	0	0	0	0	0	0	0	0	0	0	0	0	0	0	0	0	0	0	0	0	0	0	0	0	0	0	0	0	0	0	0	0	0	0
Chordata;Aves;Columbiformes;Columbidae;unknown;unknown	0	0	0	0	0	0	0	0	0	0	0	0	0	0	0	0	0	0	0	0	0	0	0	0	0	757	1	0	0	0	0	0	0	0	0	0	0	0	0	0	0	0	0	0	5	0	0	0	0	0	0	905	0	54	173	0	0	4754	0	0	0	0	0	0	0	0	0	0	0	0	1	0	0	0	0	0	0	0	0	0	0	0	0	0	0	0	0	0	0	0	0	0	0	0	0	0	0	0	0	0	0	0	0	0	0	0	0	0	0	0	0	0	0	0	0	0	0	0	0	0	0	0	0	0	0	0	0	0	0	0	0	0	0	0	0	0	0	0	0	0	0	0	0
Chordata;Aves;Galliformes;Phasianidae;Gallus;Gallus gallus	0	0	0	0	0	0	3	0	0	0	0	0	0	0	0	139	3	0	107	0	0	0	0	219	0	0	0	0	118	0	0	0	0	0	0	0	0	0	0	0	0	0	0	0	0	0	0	0	0	0	0	0	0	0	115	0	0	0	0	0	0	0	0	0	0	0	15	0	0	0	109	0	48	0	0	0	10	0	6	23	0	10	0	275	0	0	0	0	0	0	0	0	0	0	0	0	0	22	0	0	0	0	0	0	0	0	0	0	0	0	0	0	0	4	9	0	29	0	1	0	0	0	48	4	56	44	0	0	0	0	0	0	0	0	0	5	0	0	0	0	0	0	0
Chordata;Aves;Gruiformes;Rallidae;Fulica;Fulica americana	0	0	0	0	0	0	0	0	0	0	0	0	0	0	0	0	0	0	0	0	0	0	0	0	0	0	4436	0	0	1930	0	0	0	0	0	0	0	0	0	0	0	0	0	0	0	0	0	0	0	0	0	0	0	0	0	0	0	0	0	0	0	0	0	0	0	0	0	0	0	0	0	0	0	0	0	0	0	0	0	0	0	0	0	198	0	0	0	0	0	0	0	0	0	0	0	0	0	0	0	0	0	0	0	0	0	0	0	0	0	0	0	0	0	0	0	0	0	0	0	0	0	0	0	0	0	0	0	0	0	0	0	0	0	0	0	0	0	0	0	0	0	0	0
Chordata;Aves;Passeriformes;Corvidae;Corvus;unknown	0	0	0	0	0	0	0	0	0	0	0	0	0	0	0	0	0	0	0	3	0	0	0	0	0	0	0	0	0	0	0	0	0	0	0	0	0	0	104	0	0	0	0	0	0	0	0	0	0	0	0	0	0	0	0	0	0	0	0	0	0	0	0	0	0	0	0	0	0	0	0	0	0	0	0	0	0	0	0	0	0	0	0	0	0	0	0	0	0	0	0	0	0	0	0	0	0	0	0	0	0	0	0	0	0	0	0	0	0	0	0	0	0	0	0	0	0	0	0	0	0	0	0	0	0	0	0	0	0	0	0	0	0	0	0	0	0	0	0	0	0	0	0
Chordata;Aves;Passeriformes;Mimidae;unknown;unknown	0	0	0	0	0	0	0	0	0	0	0	0	0	0	0	0	0	0	0	0	0	0	0	0	0	0	0	0	0	0	0	0	0	0	0	0	0	0	0	0	0	0	0	0	0	0	0	0	0	0	0	48	0	0	0	0	0	0	0	0	0	0	0	0	0	0	0	0	0	0	0	0	0	0	0	0	0	0	0	0	0	0	0	0	0	0	0	0	0	0	0	0	0	0	0	0	0	0	0	0	0	0	0	0	0	0	0	0	0	0	0	0	0	0	0	0	0	0	0	0	0	0	0	0	0	0	0	0	0	0	0	0	0	0	0	0	0	0	0	0	0	0	0
Chordata;Aves;Passeriformes;Sturnidae;Sturnus;unknown	0	0	0	0	0	0	0	0	0	0	0	0	0	0	0	0	0	0	0	0	0	0	0	0	0	0	0	0	13	0	0	0	0	0	0	0	0	0	0	0	0	0	0	0	0	0	0	0	0	0	0	0	0	0	0	44	0	12	0	0	0	0	0	0	0	0	0	0	0	0	0	0	0	0	0	0	0	0	0	0	0	0	1601	0	0	0	0	0	0	0	0	0	0	0	0	0	0	0	0	0	0	0	0	0	0	0	0	0	0	0	0	0	0	0	0	0	0	0	0	0	0	0	0	0	0	0	0	0	0	0	0	0	0	0	0	0	0	0	0	0	0	0	0
Chordata;Aves;Passeriformes;Turdidae;Turdus;unknown	0	0	0	0	0	0	0	0	0	0	0	0	0	0	0	0	0	0	0	0	0	0	0	0	0	0	0	0	0	0	0	0	0	0	0	0	0	0	0	0	0	0	0	0	0	41	0	0	0	0	0	0	0	0	0	0	0	0	0	0	0	0	0	0	0	0	0	0	0	0	0	0	0	0	0	0	0	0	0	0	0	0	0	0	0	0	0	0	0	0	0	0	0	0	0	0	0	0	0	0	0	0	0	0	0	0	0	0	0	0	0	0	0	0	0	0	0	0	0	0	0	0	0	0	0	0	0	0	0	0	0	0	0	0	0	0	0	0	0	0	0	0	0
Chordata;Aves;Passeriformes;unknown;unknown;unknown	0	0	0	0	0	0	0	0	0	0	0	0	0	1	0	52	0	0	0	0	0	0	0	0	0	0	0	0	0	0	0	0	0	0	0	0	0	0	0	0	0	0	0	0	0	173	0	0	0	17	0	0	0	1	55	0	1	0	0	0	1006	0	0	0	0	0	68	0	0	0	0	0	0	0	0	0	0	0	0	0	0	0	3	0	0	0	0	0	0	0	0	0	0	0	0	0	0	0	0	0	0	0	0	0	0	0	0	0	0	0	0	0	0	0	0	0	0	0	0	0	0	0	0	0	0	0	0	0	0	0	0	0	0	0	0	0	0	0	0	0	0	0	0
Chordata;Aves;Pelecaniformes;Ardeidae;Ardea;unknown	0	0	0	0	0	0	0	0	0	0	0	0	0	0	0	0	0	0	0	0	0	0	0	0	0	0	0	0	0	0	0	0	0	0	0	0	0	0	0	0	0	0	0	0	0	0	0	0	0	0	0	0	0	0	0	0	0	0	0	0	0	0	0	0	0	0	0	0	0	0	0	0	0	0	0	0	0	0	0	0	0	0	0	0	0	0	0	0	48	0	0	0	0	0	0	0	0	0	0	0	0	0	0	0	0	0	0	0	0	0	0	0	0	0	0	0	0	0	0	0	0	0	0	0	0	0	0	0	0	0	0	0	0	0	0	0	0	0	0	0	0	0	0
Chordata;Aves;Pelecaniformes;Ardeidae;Nycticorax;Nycticorax nycticorax	0	0	0	0	0	0	0	0	0	0	0	0	0	0	0	0	0	0	0	0	0	0	0	0	0	0	0	0	11	0	0	0	0	0	0	0	0	0	0	52	0	32	0	0	0	0	0	0	0	0	0	0	0	0	0	0	0	0	0	0	0	0	28	0	0	0	0	0	0	0	0	0	0	0	0	0	0	0	0	0	0	0	0	0	0	0	0	0	0	0	0	0	0	0	0	0	0	0	0	0	0	0	0	0	0	0	0	0	0	0	0	0	0	0	0	0	0	0	0	0	0	0	0	0	0	0	0	0	0	0	0	0	0	0	0	0	0	0	0	0	0	0	0
Chordata;Aves;unknown;unknown;unknown;unknown	0	7	0	0	0	0	0	0	33	0	0	0	0	0	0	0	0	0	0	8	0	0	0	0	0	0	23	0	0	205	17	0	0	0	0	0	0	0	0	1	0	1	0	0	0	0	0	0	0	0	0	1	0	80	2	0	1	6	0	0	3	0	0	0	0	3	0	0	0	0	0	0	0	0	9	0	0	0	0	0	0	0	1	1	2	4	0	0	0	0	0	1	3	0	0	0	0	0	2	0	3	1	3	0	3	1	0	1	5	3	1	2	0	3	0	0	0	0	7	1	0	0	1	6	3	423	1	3	0	1	0	0	1	0	0	14	1	0	0	0	1	0	4
Chordata;Mammalia;Carnivora;Canidae;Canis;Canis lupus	0	0	0	0	0	0	0	0	0	0	0	0	7	0	0	32	28	0	0	0	147	0	0	0	0	0	647	0	0	250	6	0	0	0	0	0	0	0	0	0	0	0	0	0	0	57	7225	0	139	0	0	187	0	129	13	0	0	0	4819	0	0	157	40	0	114	0	674	7	0	0	0	0	0	0	0	0	126	0	0	0	0	0	0	1	0	0	73	0	0	0	0	0	0	0	459	0	187	0	0	0	0	0	0	16	0	0	0	0	0	0	0	0	0	0	0	0	0	0	0	0	0	0	0	0	15	381	0	0	0	0	0	0	0	0	0	0	0	0	0	0	0	13	0
Chordata;Mammalia;Carnivora;Felidae;Felis;unknown	0	0	0	0	0	0	0	0	0	0	0	0	0	0	0	12	0	0	702	0	0	0	0	0	0	0	45	0	0	0	0	0	0	0	0	0	0	0	0	0	0	0	0	0	0	0	0	0	0	0	0	0	0	0	0	0	0	6	0	0	0	0	0	0	0	0	0	0	0	0	0	0	0	0	0	0	0	0	0	0	0	0	0	0	0	0	0	0	0	0	0	0	0	0	0	0	0	0	0	0	0	0	0	0	0	0	0	0	0	0	0	0	0	0	0	0	0	0	0	0	0	0	0	0	0	0	0	0	0	0	0	0	0	0	0	0	0	0	0	0	0	0	0
Chordata;Mammalia;Carnivora;Felidae;unknown;unknown	0	0	0	0	0	0	0	0	0	0	0	0	0	0	0	0	0	0	0	0	0	0	0	0	0	0	76	0	0	0	0	0	0	0	0	0	0	0	0	0	0	0	0	0	0	0	0	0	0	0	0	0	0	0	0	0	0	0	0	0	0	0	0	0	0	0	0	0	0	0	0	0	0	0	0	0	0	0	4	0	0	21	0	0	0	0	0	0	0	0	0	0	0	0	4	0	0	0	0	0	0	0	0	36	0	0	0	0	0	0	0	0	0	0	0	0	0	0	6	0	0	0	0	0	0	0	0	0	0	0	0	0	0	0	0	0	0	0	0	0	0	0	0
Chordata;Mammalia;Carnivora;Mephitidae;Mephitis;Mephitis mephitis	0	0	0	0	0	0	0	0	0	0	0	0	0	0	0	68	0	0	0	0	0	0	0	0	0	0	0	0	0	0	0	0	0	0	0	0	0	0	0	0	0	0	0	0	0	0	0	0	0	0	0	0	0	0	0	0	0	0	0	0	0	0	0	0	0	0	0	0	0	0	0	0	0	0	0	0	0	0	0	0	0	0	0	0	0	0	0	0	0	0	0	0	0	0	0	0	0	0	0	0	0	0	0	0	0	0	0	0	0	0	0	0	0	0	0	0	0	0	0	0	0	0	0	0	0	0	0	0	0	0	0	0	0	0	0	0	0	0	0	0	0	0	0
Chordata;Mammalia;Carnivora;Procyonidae;Procyon;Procyon lotor	0	0	0	0	0	0	0	0	0	0	0	0	0	0	0	0	0	0	0	0	0	0	0	0	0	46	0	0	0	0	0	0	0	0	0	0	0	0	0	0	0	0	0	0	0	0	0	0	0	0	0	0	0	0	229	0	0	0	0	0	0	0	0	0	0	0	0	0	0	0	0	0	0	0	0	0	0	0	0	276	0	9	0	0	0	0	0	0	0	0	0	0	0	0	0	0	0	0	0	0	0	0	0	0	0	0	0	0	0	0	0	0	0	0	0	0	0	0	0	0	0	0	0	0	0	0	0	0	0	0	0	0	0	0	0	0	0	0	0	0	0	0	0
Chordata;Mammalia;Didelphimorphia;Didelphidae;Didelphis;unknown	0	0	0	0	0	0	0	0	0	0	84	0	86	0	0	0	0	0	0	0	0	0	0	42	0	0	0	0	0	0	0	0	0	0	0	0	0	0	301	0	0	0	0	0	0	0	0	0	0	0	0	0	0	0	730	0	0	4493	0	0	0	0	0	0	0	0	6	0	0	0	0	0	0	0	0	0	0	21	0	0	0	0	4180	124	27	0	0	0	0	0	0	0	0	0	0	0	0	0	0	0	0	0	0	0	0	0	0	0	0	0	0	0	0	0	0	0	0	0	0	0	0	0	0	0	0	0	0	0	0	0	0	0	0	0	0	0	0	0	0	0	0	0	0
Chordata;Mammalia;Didelphimorphia;Didelphidae;unknown;unknown	0	0	0	0	0	0	0	0	0	0	3	0	2	0	0	0	0	0	0	0	0	0	0	0	0	0	0	0	0	0	0	0	0	0	0	0	0	0	2	0	0	0	0	0	0	0	0	0	0	0	0	0	0	0	5	0	0	53	0	0	0	0	0	0	0	0	0	0	0	0	0	0	0	0	0	0	0	0	4	0	0	0	22	0	1	0	0	0	0	0	0	0	0	0	0	0	0	0	0	0	0	0	0	0	0	0	0	0	0	0	0	0	0	0	0	0	0	0	0	0	0	0	0	0	0	0	0	0	0	0	0	0	0	0	0	0	0	0	0	0	0	0	0
Chordata;Mammalia;Lagomorpha;Leporidae;Sylvilagus;Sylvilagus bachmani	0	0	0	0	0	0	0	0	0	0	0	0	0	0	0	0	0	0	0	0	0	0	0	0	0	0	0	0	0	0	0	0	0	0	0	0	0	0	0	0	0	0	0	0	0	0	0	0	0	31	0	0	0	0	0	0	0	0	0	0	0	0	0	0	0	0	0	0	0	0	0	0	0	0	0	0	0	0	0	0	0	0	0	0	0	0	0	0	20	0	0	0	0	0	0	0	0	0	0	0	0	0	0	0	0	0	0	0	0	0	0	0	0	0	0	0	0	0	0	0	0	0	0	0	0	0	0	0	0	0	0	0	0	0	0	0	0	0	0	0	0	0	0
Chordata;Mammalia;Lagomorpha;Leporidae;Sylvilagus;unknown	0	0	0	0	0	0	0	0	0	0	0	0	0	0	0	0	0	0	0	0	0	0	0	0	0	0	0	0	190	0	0	0	0	0	0	0	0	0	0	19	0	0	0	0	0	152	0	0	0	0	0	0	0	0	0	0	0	0	0	0	0	0	0	67	0	0	52	0	0	0	0	64	0	0	0	0	0	0	0	0	0	0	337	289	8	0	0	0	0	0	0	0	0	0	2573	0	0	0	0	0	0	0	0	0	0	0	0	0	0	0	0	0	0	0	0	0	0	0	0	0	0	0	0	0	0	0	0	0	0	0	0	0	0	0	0	0	0	0	0	0	0	0	0
Chordata;Mammalia;Rodentia;Cricetidae;Neotoma;Neotoma lepida	0	0	0	0	0	0	0	0	0	0	0	0	0	0	0	0	0	0	0	0	0	0	0	0	0	5581	0	0	0	0	0	0	0	0	0	0	0	0	0	0	0	9	0	0	247	0	0	0	0	0	0	0	1	0	0	0	0	0	0	0	0	0	0	0	0	0	0	0	0	0	0	0	0	0	0	0	0	0	0	0	0	0	0	0	0	0	0	0	0	0	0	0	0	0	0	0	0	0	0	0	0	0	0	0	0	10	0	0	17	0	0	0	0	0	0	0	0	0	0	0	0	0	0	0	0	0	0	7	0	22	0	0	0	0	0	0	0	0	0	0	0	0	0
Chordata;Mammalia;Rodentia;Cricetidae;Neotoma;Neotoma macrotis	0	0	0	0	0	0	0	0	0	0	0	0	0	0	0	0	0	0	0	0	282	0	0	3691	0	0	0	0	0	0	0	0	0	0	0	0	0	0	0	0	0	0	0	0	0	0	942	0	0	0	0	0	0	0	0	0	0	560	0	0	26	153	0	0	0	0	0	17	0	0	0	0	0	249	0	0	0	28	0	0	0	0	0	13	0	0	0	0	847	0	0	0	0	0	101	0	0	0	0	0	0	0	0	0	0	0	0	0	0	0	0	0	0	0	0	0	0	0	0	0	0	0	0	0	0	0	0	0	0	0	0	0	0	0	0	0	0	0	0	0	0	0	0
Chordata;Mammalia;Rodentia;Cricetidae;Neotoma;unknown	0	0	0	0	0	0	0	0	1	0	0	0	0	0	0	0	0	0	0	0	3	0	0	17	0	16	0	0	0	0	0	0	0	0	0	0	0	0	0	0	0	1	0	0	7	0	2	0	0	0	0	0	1053	0	0	0	0	3	0	0	2	0	0	0	0	0	0	0	0	400	0	0	0	12	0	0	0	0	0	0	0	0	0	0	0	0	0	0	8	0	0	0	0	0	0	0	0	0	0	0	0	0	0	0	0	0	0	0	0	0	0	0	0	0	0	0	0	0	0	0	0	0	0	0	0	0	0	0	0	0	0	0	0	0	0	0	0	0	0	0	0	0	0
Chordata;Mammalia;Rodentia;Cricetidae;unknown;unknown	0	0	0	0	0	0	0	0	0	0	0	0	0	0	0	0	0	0	0	0	1	0	0	3	0	19	0	0	0	0	1405	0	0	0	0	0	0	0	0	0	0	1	0	8056	1	0	0	0	0	51	193	0	7	0	0	0	0	0	0	0	0	0	0	0	0	0	0	0	0	1	0	0	0	1	0	0	0	0	0	0	0	0	0	0	0	0	0	0	1	0	0	0	0	0	0	0	0	0	0	0	0	0	0	0	0	0	0	0	0	0	0	0	0	0	0	0	0	0	0	0	0	0	0	0	0	0	0	0	0	0	0	0	0	0	0	0	0	0	0	0	0	0	0
Chordata;Mammalia;Rodentia;Muridae;Mus;Mus musculus	0	0	0	0	0	0	0	0	0	0	0	0	15	0	6	246	9	0	0	0	0	0	0	0	0	0	1143	0	0	0	0	0	0	0	0	0	0	0	0	36	0	0	0	0	0	0	0	0	0	0	0	0	0	0	0	0	21	0	0	0	25	0	0	0	0	0	0	0	0	0	0	74	0	0	0	0	0	0	0	0	0	0	0	0	0	0	0	0	0	0	0	0	0	0	41	0	0	0	0	0	0	0	0	0	0	0	0	0	0	0	0	0	0	0	0	0	0	0	0	0	0	0	0	0	0	25	0	0	0	0	0	0	0	0	0	0	0	0	0	0	0	8	0
Chordata;Mammalia;Rodentia;Muridae;Rattus;Rattus norvegicus	0	0	0	0	0	0	0	0	0	0	0	0	154	0	0	212	53	0	0	0	0	0	4	0	0	0	347	0	0	0	34	0	0	0	0	0	0	0	0	0	0	0	0	0	0	0	0	0	0	67	1	0	0	0	0	0	0	0	0	0	0	0	0	0	0	0	0	0	0	0	1794	0	0	0	0	0	0	0	0	0	0	0	225	0	0	0	0	0	0	0	0	0	0	0	0	0	0	0	0	0	0	0	22	0	0	0	0	0	0	0	0	0	0	0	29	0	0	0	0	0	0	0	0	0	0	1409	0	0	0	0	0	0	0	0	0	0	0	0	0	0	0	0	0
Chordata;Mammalia;Rodentia;Muridae;Rattus;unknown	0	0	6	0	0	0	0	0	0	0	0	0	0	0	14	0	0	0	0	7	0	0	0	1484	0	391	0	0	0	0	0	0	0	0	0	61	0	0	115	0	0	146	0	0	1	0	0	0	0	0	2076	414	0	0	131	0	326	283	6	0	0	0	13	0	0	0	244	19	0	0	1	11	0	0	0	0	0	19	0	0	0	0	0	40	0	0	0	0	0	0	0	0	0	0	0	0	0	0	0	0	0	0	0	0	0	0	0	0	0	0	0	0	0	0	0	0	0	0	0	0	0	0	0	0	0	0	0	0	0	0	0	0	0	0	0	0	0	0	0	0	0	0	0
Chordata;Mammalia;Rodentia;Sciuridae;Sciurus;Sciurus niger	0	0	0	0	0	0	0	0	0	0	0	0	0	0	0	0	0	0	0	0	0	0	0	0	0	0	0	0	0	0	0	0	0	0	0	0	0	0	0	0	0	0	0	0	0	0	0	0	0	0	0	0	0	0	0	0	0	0	0	0	0	0	0	0	0	0	0	0	0	0	0	0	0	0	0	0	0	0	0	0	0	0	275	0	0	0	0	0	0	0	0	0	0	0	0	0	0	0	0	0	0	0	0	0	0	0	0	0	0	0	0	0	0	0	0	0	0	0	0	0	0	0	0	0	0	0	0	0	0	0	0	0	0	0	0	0	0	0	0	0	0	0	0
Chordata;Mammalia;Rodentia;Sciuridae;Sciurus;unknown	0	0	0	0	0	0	0	0	0	0	0	29	0	0	0	0	0	0	0	0	0	0	6	0	0	0	0	65	0	0	0	0	0	0	0	0	0	0	0	0	0	0	0	0	0	357	0	0	0	0	0	0	92	0	0	0	0	0	0	0	0	0	0	0	0	0	0	29	0	0	30	0	0	0	0	40	16	0	0	0	0	12	1889	0	0	0	0	0	0	0	0	0	337	0	198	0	0	0	0	0	0	0	0	0	0	0	0	0	0	0	0	0	0	0	0	0	0	0	0	0	0	0	0	0	0	0	0	0	0	0	0	0	0	0	0	0	0	0	0	0	0	0	0
Chordata;Mammalia;Rodentia;Sciuridae;unknown;unknown	0	0	0	0	0	0	0	0	0	0	0	0	12	0	0	0	1	0	0	0	0	0	0	0	0	0	0	0	0	0	0	0	0	0	0	0	0	0	4	0	0	0	0	0	0	1	0	0	0	0	0	0	0	0	0	0	0	0	0	0	0	0	0	0	0	0	0	0	3	0	0	0	0	0	0	0	0	0	0	0	0	0	6	0	4	0	0	0	0	0	0	0	0	0	0	0	0	0	0	0	0	0	0	0	0	0	0	0	0	0	0	0	0	0	0	0	0	0	0	0	0	0	0	0	0	0	0	0	0	0	0	0	0	0	0	0	0	0	0	0	0	0	0
Chordata;Mammalia;unknown;Bovidae;Bos;Bos taurus	0	0	0	0	0	0	0	0	0	0	6	0	0	0	0	65	0	0	0	0	0	0	0	0	0	0	53	0	0	0	0	0	0	0	0	0	0	0	0	0	0	0	0	0	0	0	13	0	0	0	0	0	0	0	0	0	0	0	0	0	0	0	0	0	344	0	0	0	0	0	35	0	0	0	0	0	0	0	0	0	0	0	28	106	203	0	0	0	0	0	0	0	354	0	16	0	0	0	0	0	0	0	0	0	0	0	0	11	0	0	0	0	0	0	0	0	0	0	0	0	0	0	0	9	40	0	0	0	0	0	12	0	0	0	34	0	0	0	0	0	0	0	0
Chordata;Mammalia;unknown;Cervidae;unknown;unknown	0	0	0	0	0	0	0	0	0	0	0	0	0	0	0	0	0	0	0	0	0	0	0	0	0	0	0	0	0	0	0	0	0	0	0	0	0	0	0	0	0	0	0	0	0	0	82	0	0	0	0	0	0	0	0	0	0	0	0	0	0	0	0	0	0	0	0	0	0	0	0	19	0	0	0	0	0	0	0	0	0	0	0	0	0	0	0	0	0	0	0	0	0	0	0	0	0	0	0	80	0	0	0	0	0	0	0	0	0	0	0	0	0	0	0	0	0	0	0	0	0	0	0	0	0	0	0	0	0	0	0	0	0	0	0	0	0	11	0	0	0	0	0
Chordata;unknown;Squamata;Viperidae;Crotalus;unknown	0	0	0	0	0	0	0	0	0	0	0	0	0	0	0	0	0	0	0	0	0	0	0	0	0	0	0	0	0	0	0	0	0	0	0	0	0	0	0	0	0	0	0	0	0	0	0	0	0	0	0	0	0	0	0	0	0	0	30	0	0	0	0	0	0	0	0	0	0	0	0	0	0	0	0	0	0	0	0	0	0	0	0	0	0	0	0	0	0	0	0	0	0	0	0	0	0	0	0	0	0	0	0	0	0	0	0	0	0	0	0	0	0	0	0	0	0	0	0	0	0	0	0	0	0	0	0	0	0	0	0	0	0	0	0	0	0	0	0	0	0	0	0
Chordata;unknown;Testudines;Emydidae;Trachemys;unknown	0	0	0	0	0	0	0	0	0	0	0	0	0	0	0	0	0	0	0	0	0	0	0	0	0	164	0	0	6	0	0	0	0	0	0	0	0	0	0	0	0	0	0	0	0	0	0	0	0	0	0	0	0	0	0	0	0	0	0	0	0	0	0	0	0	0	0	0	0	0	0	0	0	0	0	0	0	0	0	0	0	0	0	0	0	0	0	0	0	0	0	0	0	0	0	0	0	0	0	0	0	0	0	0	0	0	0	0	0	0	0	0	0	0	0	0	0	0	0	0	0	0	0	0	0	0	0	0	0	0	0	0	0	0	53	0	0	0	0	0	0	0	0
Chordata;Actinopteri;Atheriniformes;Atherinopsidae;unknown;unknown	0	0	0	0	0	0	0	0	0	0	0	0	0	0	0	0	0	0	0	0	0	0	0	0	0	0	0	0	0	0	0	0	0	0	0	0	0	0	0	0	0	0	0	0	0	0	0	0	0	0	0	0	0	0	0	0	0	0	0	0	0	0	0	0	0	0	0	0	0	0	0	0	0	0	0	0	0	0	0	0	0	0	0	0	0	0	0	0	0	0	0	0	0	0	0	0	1	0	0	0	0	0	0	0	0	0	0	0	0	0	0	0	0	0	0	0	0	0	0	0	12	0	0	0	0	0	0	0	0	0	0	0	0	231	0	0	0	0	0	1	0	0	0
Chordata;Actinopteri;Centrarchiformes;Centrarchidae;Micropterus;unknown	0	0	0	0	0	0	0	0	0	0	0	0	0	0	0	0	0	0	0	0	0	0	0	0	0	0	0	0	0	0	0	0	0	0	0	0	0	0	0	0	0	0	0	0	0	0	0	0	0	0	0	0	0	0	0	0	0	0	0	0	0	0	0	0	0	0	0	0	0	0	0	0	0	0	0	0	0	0	0	0	0	0	0	0	0	0	0	0	0	0	0	0	0	0	0	0	0	0	0	0	0	0	0	0	0	0	0	0	0	0	0	0	0	0	0	0	0	0	0	0	0	0	0	0	0	0	0	0	0	0	0	0	0	11	78	0	0	0	0	0	0	8	0
Chordata;Actinopteri;Cichliformes;Cichlidae;Oreochromis;unknown	0	0	0	0	0	0	0	0	0	0	0	0	0	0	0	0	0	0	0	0	0	0	0	0	0	0	0	0	0	0	0	0	0	0	0	0	0	0	0	0	0	0	0	0	0	0	0	0	0	0	0	0	0	0	0	0	0	0	0	0	0	0	0	0	0	0	0	0	0	0	0	0	0	0	0	0	0	0	0	0	0	0	0	0	0	0	0	0	0	0	0	0	0	0	0	0	0	11	0	0	0	0	0	0	0	0	0	0	0	0	0	0	0	0	0	0	0	0	0	0	0	0	0	0	0	0	0	0	0	0	0	0	0	10	13	0	0	0	0	0	0	0	0
Chordata;Actinopteri;Cypriniformes;Cyprinidae;Rhinichthys;Rhinichthys osculus	0	0	0	0	0	0	0	0	0	0	0	0	0	0	0	0	0	0	0	0	0	0	0	0	0	0	0	0	0	0	0	0	0	0	0	0	0	0	0	0	0	0	0	0	0	0	0	0	0	0	0	0	0	0	0	0	0	0	0	0	0	0	0	0	0	0	0	0	0	0	0	0	0	0	0	0	0	0	0	0	0	0	0	0	0	0	0	0	0	0	0	0	0	0	0	0	0	0	0	0	0	0	0	0	0	0	0	0	0	0	0	0	0	0	0	0	0	0	0	0	0	0	0	0	0	0	0	0	0	0	0	0	32	0	0	0	0	0	0	0	0	0	0
Chordata;Actinopteri;Gobiiformes;Gobiidae;unknown;unknown	0	0	0	0	0	0	0	0	0	0	0	0	0	0	0	0	0	0	0	0	0	0	0	0	0	0	0	0	0	0	0	0	0	0	0	0	0	0	0	0	0	0	0	0	0	0	0	0	0	0	0	0	0	0	0	0	0	0	0	0	0	0	0	0	0	0	0	0	0	0	0	0	0	0	0	0	0	0	0	0	0	0	0	0	0	0	0	0	0	0	0	0	0	0	0	0	0	0	0	0	0	0	0	0	0	0	0	0	0	0	0	0	0	0	0	0	0	0	0	9	0	0	0	0	0	0	0	0	0	0	0	0	0	0	0	0	0	0	39	0	0	0	0
Chordata;Actinopteri;Siluriformes;Loricariidae;unknown;unknown	0	0	0	0	0	0	0	0	0	0	0	0	0	0	0	0	0	0	0	0	0	0	0	0	0	0	0	0	0	0	0	0	0	0	0	0	0	0	0	0	0	0	0	0	0	0	0	0	0	0	0	0	0	0	0	0	0	0	0	0	0	0	0	0	0	0	0	0	0	0	0	0	0	0	0	0	0	0	0	0	0	0	0	0	0	0	0	0	0	0	0	0	0	0	0	0	0	126	0	0	0	0	0	0	0	0	0	0	0	0	0	0	0	0	0	0	0	0	0	0	0	0	0	0	0	0	0	0	0	0	5	0	0	4	54	0	0	0	0	0	0	0	0
Chordata;Actinopteri;unknown;Sciaenidae;unknown;unknown	0	0	0	0	0	0	0	0	0	0	0	0	0	0	0	0	0	0	0	0	0	0	0	0	0	0	0	0	0	0	0	0	0	0	0	0	0	0	0	0	0	0	0	0	0	0	0	0	0	0	0	0	0	0	0	0	0	0	0	0	0	0	0	0	0	0	0	0	0	0	0	0	0	0	0	0	0	0	0	0	0	0	0	0	0	0	0	0	0	0	0	0	0	0	0	0	0	0	0	0	0	0	0	0	0	0	0	0	0	0	0	0	0	0	0	0	0	0	9	10	0	0	0	0	0	0	0	0	0	0	0	0	0	0	0	0	0	0	145	0	0	0	0
Chordata;Aves;Anseriformes;Anatidae;Aix;unknown	0	0	0	0	0	0	0	0	0	0	0	0	0	0	0	0	0	0	0	0	0	0	0	0	0	0	0	0	0	0	0	0	0	0	0	0	0	0	0	0	0	0	0	0	0	0	0	0	0	0	0	0	0	0	0	0	0	0	0	0	0	0	0	0	0	0	0	0	0	0	0	0	0	0	0	0	0	0	0	0	0	0	0	0	0	0	0	0	0	0	0	0	0	0	0	0	0	0	0	0	25	4	0	0	3	6	1	1	7	0	7	15	0	8	0	0	0	1	9	1	0	5	0	152	0	0	2	3	0	1	1	0	0	0	0	0	0	0	0	3	4	1	3
Chordata;Aves;Charadriiformes;Charadriidae;Charadrius;Charadrius vociferus	0	0	0	0	0	0	0	0	0	0	0	0	0	0	0	0	0	0	0	0	0	0	0	0	0	0	0	0	0	0	0	0	0	0	0	0	0	0	0	0	0	0	0	0	0	0	0	0	0	0	0	0	0	0	0	0	0	0	0	0	0	0	0	0	0	0	0	0	0	0	0	0	0	0	0	0	0	0	0	0	0	0	0	0	0	0	0	0	0	0	0	0	0	0	0	0	0	0	0	0	0	0	0	0	0	0	0	0	0	0	0	0	0	0	0	0	0	0	0	0	0	0	0	14	0	0	0	0	0	0	0	157	0	0	0	0	0	0	0	0	0	0	0
Chordata;Aves;Charadriiformes;Recurvirostridae;unknown;unknown	0	0	0	0	0	0	0	0	0	0	0	0	0	0	0	0	0	0	0	0	0	0	0	0	0	0	0	0	0	0	0	0	0	0	0	0	0	0	0	0	0	0	0	0	0	0	0	0	0	0	0	0	0	0	0	0	0	0	0	0	0	0	0	0	0	0	0	0	0	0	0	0	0	0	0	0	0	0	0	0	0	0	0	0	0	0	0	0	0	0	0	0	0	0	0	0	0	0	0	0	0	0	0	0	0	0	0	0	0	0	0	0	0	0	0	0	0	0	0	0	0	0	0	22	50	0	0	0	0	0	0	0	0	0	0	38	0	0	0	0	0	0	0
Chordata;Aves;Passeriformes;Estrildidae;unknown;unknown	0	0	0	0	0	0	0	0	0	0	0	0	0	0	0	0	0	0	0	0	0	0	0	0	0	0	0	0	0	0	0	0	0	0	0	0	0	0	0	0	0	0	0	0	0	0	0	0	0	0	0	0	0	0	0	0	0	0	0	0	0	0	0	0	0	0	0	0	0	0	0	0	0	0	0	0	0	0	0	0	0	0	0	0	0	0	0	0	0	0	0	0	0	0	0	0	0	0	0	0	0	0	0	0	0	0	0	0	0	288	0	0	0	0	0	0	0	0	0	0	0	0	0	0	1	0	0	0	0	0	0	0	0	0	0	0	366	19	0	0	0	0	0
Chordata;Aves;Psittaciformes;Psittacidae;Amazona;unknown	0	0	0	0	0	0	0	0	0	0	0	0	0	0	0	0	0	0	0	0	0	0	0	0	0	0	0	0	0	0	0	0	0	0	0	0	0	0	0	0	0	0	0	0	0	0	0	0	0	0	0	0	0	0	0	0	0	0	0	0	0	0	0	0	0	0	0	0	0	0	0	0	0	0	0	0	0	0	0	0	0	0	0	0	0	0	0	0	0	0	0	0	0	0	74	0	0	0	0	0	0	0	0	0	0	0	0	0	0	0	0	0	0	0	0	0	0	0	0	0	0	0	0	0	0	0	0	0	0	0	0	0	0	0	0	0	0	0	0	0	0	0	0
Chordata;Mammalia;Didelphimorphia;Didelphidae;Didelphis;Didelphis virginiana	0	0	0	0	0	0	0	0	0	0	0	0	0	0	0	0	0	0	0	0	0	0	0	0	0	0	0	0	0	0	0	0	0	0	0	0	0	0	0	0	0	0	0	0	0	0	0	0	0	0	0	0	0	0	0	0	0	0	0	0	0	0	0	0	0	0	0	0	0	0	0	0	0	0	0	0	0	0	0	0	0	0	0	0	0	0	0	0	0	0	0	0	0	0	0	0	0	214	12	0	0	0	0	19	0	0	15	0	0	0	30	0	0	0	38	0	0	11	0	0	0	0	0	0	0	46	0	9	0	11	0	0	0	0	0	0	0	0	0	0	0	0	0
Chordata;Mammalia;Primates;Hominidae;Homo;Homo sapiens	0	0	0	0	0	0	0	0	0	0	0	0	0	0	0	0	0	0	0	0	0	0	0	0	0	0	0	0	0	0	0	0	0	0	0	0	0	0	0	0	0	0	0	0	0	0	0	0	0	0	0	0	0	0	0	0	0	0	0	0	0	0	0	0	0	0	0	0	0	0	0	0	0	0	0	0	0	0	0	0	0	0	0	0	0	0	0	0	0	0	0	3782	1648	39	357	1760	96	1357	665	6133	635	505	226	548	100	238	391	61	367	29255	113	312	4808	255	252	198	2	253	501	150	1244	2068	9815	224	1042	789	237	384	18	267	453	413	41	168	487	1206	564	15580	1720	67	344	563	191
Chordata;Mammalia;Primates;Hominidae;unknown;unknown	0	0	0	0	0	0	0	0	0	0	0	0	0	0	0	0	0	0	0	0	0	0	0	0	0	0	0	0	0	0	0	0	0	0	0	0	0	0	0	0	0	0	0	0	0	0	0	0	0	0	0	0	0	0	0	0	0	0	0	0	0	0	0	0	0	0	0	0	0	0	0	0	0	0	0	0	0	0	0	0	0	0	0	0	0	0	0	0	0	0	0	1525	4	0	4	1	0	0	1	0	0	0	0	0	0	1	0	0	0	2	0	1	111	0	0	0	1	0	8	0	0	5	279	0	61	0	0	0	0	4	0	0	0	0	0	48	1	202	0	0	10	0	0
Chordata;Mammalia;Primates;unknown;unknown;unknown	0	0	0	0	0	0	0	0	0	0	0	0	0	0	0	0	0	0	0	0	0	0	0	0	0	0	0	0	0	0	0	0	0	0	0	0	0	0	0	0	0	0	0	0	0	0	0	0	0	0	0	0	0	0	0	0	0	0	0	0	0	0	0	0	0	0	0	0	0	0	0	0	0	0	0	0	0	0	0	0	0	0	0	0	0	0	0	0	0	0	0	0	0	0	0	0	0	0	0	15	3	0	0	5	0	0	0	0	0	0	0	0	300	0	0	0	12344	0	11	0	0	0	130	38	1	0	0	0	0	0	0	0	0	0	0	25	0	306	1	0	0	29	0
Chordata;Mammalia;Rodentia;Cricetidae;Peromyscus;unknown	0	0	0	0	0	0	0	0	0	0	0	0	0	0	0	0	0	0	0	0	0	0	0	0	0	0	0	0	0	0	0	0	0	0	0	0	0	0	0	0	0	0	0	0	0	0	0	0	0	0	0	0	0	0	0	0	0	0	0	0	0	0	0	0	0	0	0	0	0	0	0	0	0	0	0	0	0	0	0	0	0	0	0	0	0	0	0	0	0	0	0	0	0	0	187	0	0	0	0	0	0	0	0	0	0	0	0	0	0	0	0	0	0	0	0	0	0	0	0	0	0	0	0	0	0	0	0	0	0	0	0	0	0	0	0	0	0	0	0	0	0	0	0
Chordata;Mammalia;unknown;Suidae;Sus;Sus scrofa	0	0	0	0	0	0	0	0	0	0	0	0	0	0	0	0	0	0	0	0	0	0	0	0	0	0	0	0	0	0	0	0	0	0	0	0	0	0	0	0	0	0	0	0	0	0	0	0	0	0	0	0	0	0	0	0	0	0	0	0	0	0	0	0	0	0	0	0	0	0	0	0	0	0	0	0	0	0	0	0	0	0	0	0	0	0	0	0	0	0	0	0	0	0	0	0	0	0	9	0	0	0	0	0	0	0	9	0	10	0	12	0	0	0	0	0	0	0	0	0	0	0	0	22	9	0	0	0	0	0	0	0	0	0	0	0	0	0	0	0	0	0	0
Chordata;Mammalia;unknown;unknown;unknown;unknown	0	0	0	0	0	0	0	0	0	0	0	0	0	0	0	0	0	0	0	0	0	0	0	0	0	0	0	0	0	0	0	0	0	0	0	0	0	0	0	0	0	0	0	0	0	0	0	0	0	0	0	0	0	0	0	0	0	0	0	0	0	0	0	0	0	0	0	0	0	0	0	0	0	0	0	0	0	0	0	0	0	0	0	0	0	0	0	0	0	0	0	0	0	0	2	0	0	0	0	0	0	0	0	19	0	0	0	0	0	0	0	0	2	0	0	0	87	1	0	0	0	0	4	0	0	0	0	0	0	0	0	0	0	0	0	1	0	1	0	0	0	0	0